100
37 
71 89 
54 58 86 
37 1 35 2 
41 45 17 96 40 
46 80 12 95 99 64 
67 99 49 85 7 46 42 
34 89 86 88 30 32 35 34 
87 4 96 24 22 29 53 72 8 
3 71 92 44 37 80 18 80 22 33 
69 59 31 68 80 18 92 2 32 86 30 
90 69 6 69 94 74 7 23 22 88 39 35 
69 11 70 6 0 0 72 21 78 28 65 24 5 
73 59 94 39 5 66 18 93 9 63 35 60 50 42 
57 49 58 88 50 58 78 38 13 88 95 99 66 69 33 
70 93 17 16 66 94 66 63 99 51 94 29 99 39 11 69 
10 96 31 7 41 89 13 7 25 87 47 44 89 37 15 75 59 
55 17 38 3 25 36 39 11 57 28 71 35 82 8 58 6 38 58 
61 90 92 41 34 14 40 18 31 10 19 56 86 78 49 80 9 2 25 
38 71 91 22 64 4 96 65 63 22 94 45 99 12 41 77 11 83 77 23 
21 99 69 36 34 15 32 26 77 69 50 45 93 73 48 30 10 94 4 5 60 
59 97 99 53 10 90 14 40 6 63 63 21 64 18 42 33 29 95 38 78 71 14 
22 64 76 30 60 35 34 4 51 13 75 70 23 31 99 41 26 95 28 6 85 59 83 
82 91 50 59 85 76 24 65 27 8 43 70 12 11 52 86 1 17 14 32 50 48 50 5 
87 90 15 41 56 85 87 45 2 79 63 12 61 96 92 99 96 89 64 17 39 96 21 36 64 
99 69 72 87 65 49 4 32 88 35 66 80 99 63 38 97 80 81 19 59 18 44 74 85 51 50 
31 17 23 72 66 27 94 36 73 79 71 50 75 49 42 85 51 1 34 82 16 78 45 95 36 47 81 
6 90 34 73 92 81 66 88 32 52 59 15 7 97 77 54 4 25 38 40 30 67 55 12 60 99 30 66 
8 19 96 32 31 65 86 73 56 52 28 65 47 70 70 27 22 35 29 78 56 89 92 49 7 36 76 25 58 
58 27 74 11 62 96 75 15 37 10 34 57 31 46 55 50 91 58 70 61 10 17 3 8 71 56 7 17 54 31 
21 61 32 85 72 58 60 39 11 82 70 81 18 51 50 16 33 30 24 83 21 95 78 41 18 44 70 23 10 13 36 
12 10 95 11 29 53 95 37 83 63 22 8 78 70 15 48 12 72 31 51 63 79 38 40 79 83 59 43 61 25 58 4 
67 51 71 36 93 93 7 50 48 32 19 14 37 20 70 11 20 35 73 23 42 87 29 9 44 93 87 66 73 43 84 32 58 
55 0 68 67 21 2 0 82 21 79 3 74 83 57 42 60 26 99 49 88 69 99 53 91 78 80 87 22 30 25 94 88 35 6 
59 0 18 90 54 35 81 27 17 81 64 57 81 94 24 54 74 8 14 82 29 88 39 35 21 31 27 76 86 75 46 73 50 21 12 
38 24 19 42 31 81 9 82 87 20 20 21 33 95 98 45 20 49 59 72 51 69 53 99 67 19 89 61 93 88 60 99 18 56 60 36 
8 26 6 36 72 1 12 22 67 14 3 94 76 33 12 30 41 90 21 19 88 57 17 75 84 6 46 62 24 91 14 92 15 95 61 14 47 
94 60 42 42 91 90 66 72 30 50 19 57 91 90 42 77 21 71 97 78 94 90 7 49 87 80 8 80 63 61 1 46 4 83 3 83 90 5 
85 38 77 44 23 84 74 40 22 97 0 21 33 56 25 20 95 66 92 57 92 9 2 18 24 53 6 66 37 62 25 71 85 85 85 35 82 6 64 
16 58 56 35 90 93 83 1 95 87 50 21 73 31 56 71 42 59 50 68 68 38 73 91 78 43 47 49 75 19 13 84 87 50 93 16 88 51 61 61 
44 81 83 78 85 22 35 33 93 56 72 40 97 27 9 34 61 52 82 1 54 12 0 28 89 50 29 95 34 71 89 90 38 82 1 47 70 13 28 21 81 
85 32 67 60 17 27 16 85 88 25 4 51 83 48 86 97 91 61 86 4 58 81 88 88 34 39 28 45 70 49 73 65 77 42 99 2 93 92 27 56 77 54 
87 87 26 6 71 51 89 25 86 36 21 56 16 31 32 69 42 96 53 80 39 73 1 92 84 83 6 20 59 5 70 6 11 46 10 45 92 29 22 61 36 49 62 
15 88 40 26 18 70 22 40 57 60 26 81 81 93 31 63 7 78 45 36 20 45 52 83 69 45 37 39 4 6 5 53 96 68 15 85 36 97 80 61 47 50 65 78 
63 42 33 27 39 45 95 54 95 71 77 99 36 7 19 70 21 54 49 54 51 56 50 11 94 58 97 67 78 68 53 21 43 90 35 30 88 43 98 2 88 46 82 95 89 
79 6 24 4 48 70 93 82 95 81 9 27 48 15 24 54 67 52 14 12 23 72 76 92 95 89 77 74 0 29 64 95 97 55 80 31 93 0 56 14 93 44 63 33 47 36 
29 94 52 43 58 81 91 93 52 95 37 20 55 13 70 43 34 1 96 16 91 41 50 45 22 91 59 81 93 69 71 71 85 71 78 84 82 90 52 47 5 28 13 52 37 20 23 
52 31 59 18 99 48 53 93 53 25 37 92 2 3 10 62 5 64 3 99 19 98 99 29 62 80 13 94 50 27 13 93 53 38 85 55 84 62 87 89 62 1 89 79 15 5 4 52 
17 42 23 32 71 37 83 54 77 90 5 19 59 65 81 53 31 0 76 79 77 72 12 21 24 73 56 87 6 25 26 60 85 89 70 37 34 15 92 84 29 56 36 64 94 91 13 8 11 
98 99 37 6 74 3 53 17 78 11 98 11 95 79 94 28 22 30 16 52 16 21 36 84 90 96 34 55 61 4 31 72 40 44 70 72 42 11 49 43 8 75 61 69 17 66 7 74 22 27 
54 85 64 57 57 24 72 22 46 58 31 20 96 66 21 94 21 42 68 66 19 88 23 18 12 95 41 92 17 54 68 93 71 46 27 33 98 21 85 26 34 49 52 44 38 91 63 60 63 18 7 
53 67 97 95 52 19 29 87 54 47 99 84 60 2 5 90 32 72 40 75 75 3 24 84 72 49 44 1 19 1 10 48 29 78 75 49 51 85 74 83 37 54 60 55 84 8 98 9 11 55 91 93 
28 26 31 47 86 93 38 3 14 80 45 70 74 89 66 4 24 83 66 4 32 30 95 57 7 75 37 97 2 0 74 75 58 7 76 36 7 51 46 61 65 80 5 1 75 57 44 14 91 98 55 54 89 
38 50 35 20 14 85 26 58 4 58 51 35 57 78 18 79 82 8 24 74 86 86 60 44 9 89 0 87 4 13 95 39 6 96 47 37 82 22 29 48 4 31 6 49 45 20 1 13 57 36 77 17 42 10 
65 34 64 25 74 15 56 25 48 42 59 9 59 69 66 47 30 0 37 31 64 50 42 86 9 77 33 78 29 45 8 97 71 42 41 59 42 92 36 67 57 65 68 56 1 90 35 45 64 29 91 13 35 45 39 
91 79 0 34 0 85 82 70 60 91 15 89 43 64 47 53 28 84 14 18 44 41 16 26 45 75 97 73 5 71 97 9 3 80 16 74 18 75 98 98 43 32 83 8 12 82 19 5 36 57 20 28 78 61 61 26 
15 86 11 30 30 97 96 29 16 3 63 23 99 89 46 77 24 90 51 15 26 64 12 66 34 19 96 57 63 32 65 57 60 73 68 17 12 81 45 54 96 31 52 62 56 78 53 40 74 51 27 57 24 80 82 9 25 
26 42 7 94 77 55 0 75 18 32 63 16 79 61 20 83 40 53 12 2 81 26 60 4 51 28 1 88 23 5 57 3 84 78 82 79 68 30 78 81 92 86 8 80 82 79 93 0 7 77 84 99 78 64 52 67 88 65 
94 43 51 95 17 8 84 69 92 41 80 38 23 95 76 85 52 65 55 48 67 39 60 36 27 92 86 82 89 74 5 69 95 35 55 84 51 28 89 54 87 55 23 14 98 54 34 21 77 0 49 67 64 50 8 72 69 12 22 
78 26 9 98 53 46 92 21 17 37 71 48 99 34 39 31 5 27 10 21 10 21 95 8 72 27 62 53 25 32 19 42 93 61 22 35 63 59 12 21 39 50 25 17 2 76 10 49 5 48 67 64 98 83 2 15 22 51 84 6 
81 9 94 47 10 58 23 17 50 35 1 42 71 23 5 32 86 82 94 48 1 20 11 21 57 27 57 19 61 63 41 71 11 54 93 27 2 36 96 74 44 3 48 48 86 46 29 8 17 58 55 95 88 45 13 98 82 71 36 51 84 
65 47 73 59 25 25 37 95 92 81 45 31 56 35 82 20 53 4 95 11 22 74 57 30 9 62 74 15 66 78 88 70 32 70 58 82 21 82 1 48 21 26 66 74 95 53 26 23 99 42 54 96 79 16 2 40 83 63 0 23 20 72 
7 2 14 7 18 52 57 92 33 14 12 33 98 92 37 83 26 56 58 57 43 44 91 29 39 91 10 96 4 24 61 84 51 56 29 19 84 64 27 56 67 18 30 83 55 60 36 69 93 56 22 41 74 77 73 29 36 62 90 92 53 69 74 
73 64 69 89 7 76 83 5 60 1 38 85 68 52 47 5 30 13 76 39 66 55 63 81 17 19 28 48 89 82 6 72 81 40 11 78 21 78 45 54 66 97 22 12 55 50 17 61 24 66 94 56 13 31 69 25 47 78 57 60 89 74 63 73 
73 17 29 87 18 33 16 5 38 39 47 9 19 45 97 31 16 14 42 86 2 32 40 56 92 6 16 83 35 70 35 64 80 79 8 63 45 31 39 9 2 79 29 32 31 87 35 78 45 26 52 46 89 66 31 23 16 12 31 90 23 22 15 69 60 
76 80 10 69 82 65 85 77 58 70 75 65 79 31 62 61 28 48 60 47 88 65 38 13 76 55 86 60 59 24 85 10 61 88 97 38 29 26 2 7 37 87 32 25 88 34 13 67 72 27 83 32 52 17 10 64 31 93 17 79 3 33 42 32 61 64 
31 32 57 15 48 48 51 11 39 52 34 50 50 81 94 98 86 86 5 39 74 6 53 99 68 59 62 89 85 97 51 96 41 9 21 96 16 86 58 66 59 87 71 18 1 96 1 73 65 31 55 7 71 51 29 20 16 20 88 75 59 31 92 33 20 31 28 
33 96 33 92 71 25 83 94 36 74 10 47 86 88 50 94 70 47 60 51 28 78 12 8 13 25 13 14 41 98 43 55 75 32 15 66 11 30 2 5 11 85 47 90 19 94 76 5 41 36 51 59 59 2 0 21 23 35 10 43 32 83 81 22 95 68 35 14 
77 67 33 12 92 2 29 48 12 47 85 32 48 59 81 86 22 85 48 41 24 0 61 56 52 94 49 65 1 41 16 40 16 78 96 12 58 23 24 38 82 16 21 22 9 29 67 95 52 79 58 1 49 50 29 39 53 15 20 66 15 63 73 22 65 73 79 63 75 
44 93 80 76 0 96 4 7 42 3 94 94 43 54 77 97 95 51 18 80 41 67 30 14 0 83 36 3 88 64 55 47 67 19 94 74 89 54 34 65 14 18 98 39 47 37 21 44 18 99 51 47 87 89 39 45 81 53 30 49 99 29 51 70 22 62 64 74 62 44 
78 92 4 5 39 3 47 55 23 37 20 80 38 61 62 64 89 38 51 94 99 3 73 84 50 36 19 58 45 16 33 77 88 13 11 79 85 49 47 55 7 4 72 71 41 34 83 53 16 77 45 48 67 72 60 49 87 23 51 61 32 38 73 38 52 60 92 57 84 53 45 
42 16 38 71 59 8 26 24 48 41 99 63 38 99 78 37 49 42 78 52 27 44 0 15 32 24 44 85 53 74 95 95 13 37 89 72 42 71 8 3 6 62 92 14 50 27 51 99 8 80 27 33 37 17 31 83 69 33 0 4 44 0 28 93 97 63 89 98 42 86 4 95 
20 20 54 36 71 90 56 52 71 4 31 13 31 13 69 0 14 72 83 69 77 69 79 25 24 44 53 19 83 53 59 9 32 11 43 42 68 78 55 1 50 76 96 55 97 82 76 72 59 83 48 30 48 30 60 6 97 41 27 68 2 5 13 74 84 40 13 42 16 43 22 71 56 
13 86 5 59 64 72 7 76 41 87 68 99 83 8 70 91 66 54 63 71 22 87 56 22 14 66 2 35 16 27 67 68 81 79 28 16 39 66 41 97 4 83 94 83 68 64 25 35 43 61 87 7 15 99 23 36 99 93 47 13 27 11 42 41 46 91 19 74 62 93 75 96 78 92 
5 77 66 14 83 61 23 59 45 39 69 72 56 69 45 58 56 62 83 16 92 95 84 20 5 24 54 4 93 95 62 52 9 50 45 8 21 37 74 90 91 70 34 79 62 44 74 61 65 89 45 1 56 22 23 3 8 45 66 43 29 99 1 15 23 95 87 29 37 28 92 59 66 22 27 
60 24 2 95 47 30 30 47 85 58 60 84 47 71 36 44 2 99 1 38 14 50 52 49 7 32 90 56 57 49 8 18 18 53 31 75 34 76 55 53 90 94 11 14 20 61 65 77 68 96 5 4 6 76 30 18 72 25 94 65 2 13 29 5 43 65 2 47 49 76 8 76 84 41 94 81 
14 82 34 84 3 71 25 43 49 45 95 22 85 56 43 21 33 18 36 67 4 65 27 68 89 72 33 92 25 79 71 5 41 65 48 52 39 88 33 19 7 70 51 19 57 66 70 2 44 96 29 61 86 30 20 25 6 61 86 3 67 59 36 95 77 83 68 8 96 4 44 43 89 45 82 75 78 
32 41 14 91 86 5 98 33 97 52 78 10 72 35 91 50 71 27 0 43 71 12 8 38 87 73 10 90 84 25 64 47 43 15 12 79 89 77 56 45 93 62 24 56 69 36 75 21 27 84 93 74 34 43 30 64 93 88 57 66 57 94 98 43 37 0 11 64 31 92 51 70 35 31 72 68 38 32 
60 54 29 37 30 42 92 12 42 16 84 83 51 35 92 48 25 15 87 99 40 98 16 0 8 85 84 46 69 39 84 49 55 79 82 62 3 20 51 15 39 29 4 78 47 42 98 98 87 24 46 24 68 59 74 95 47 66 43 4 90 73 47 80 35 18 57 16 12 91 76 37 74 64 27 46 88 18 92 
43 85 6 62 78 0 56 53 53 94 74 20 47 88 62 64 58 3 2 23 95 63 97 78 56 81 40 24 88 65 52 36 21 72 69 74 3 97 84 12 10 32 46 24 11 75 16 79 24 86 26 77 13 68 75 1 10 13 9 70 15 98 87 34 76 9 56 82 39 77 78 93 35 7 76 60 73 38 94 40 
47 73 94 54 8 17 89 62 95 51 5 60 97 45 47 8 85 83 30 39 81 2 79 71 51 3 67 56 91 82 34 44 13 4 72 88 22 88 63 94 5 65 86 64 50 94 73 12 9 38 47 43 31 86 90 44 48 40 41 39 82 93 41 97 49 67 34 54 68 35 83 25 67 21 18 3 26 19 63 1 42 
55 66 81 14 60 93 0 23 87 70 70 47 31 57 92 86 6 90 55 38 91 13 63 62 11 56 90 50 75 74 25 26 28 58 12 28 58 72 60 6 66 13 11 17 40 9 10 74 48 49 68 95 38 58 18 45 73 81 21 33 73 95 75 53 58 88 17 42 31 49 49 25 38 27 90 78 82 43 52 33 13 58 
45 58 95 5 22 35 50 11 46 30 18 88 16 16 65 2 28 15 21 20 23 32 60 85 65 72 32 39 32 39 80 10 43 66 30 35 36 80 5 65 42 95 76 55 10 32 64 23 51 21 41 60 7 27 77 95 8 40 29 28 72 83 97 1 59 65 86 65 64 37 37 94 20 54 79 39 39 32 67 21 37 1 11 
39 46 49 17 71 60 12 11 82 61 78 51 69 40 55 26 12 39 53 75 98 23 21 3 28 57 80 88 86 35 22 83 86 7 28 53 23 37 2 36 21 84 58 58 49 15 3 47 35 55 25 41 48 27 15 93 48 45 81 57 71 70 50 99 39 35 58 33 60 31 23 21 27 6 42 52 11 59 19 23 23 18 54 85 
15 26 0 7 99 16 79 5 19 85 76 58 19 61 33 52 91 12 48 96 32 54 41 59 69 8 90 22 36 18 45 70 10 80 45 60 1 16 42 58 93 62 76 80 30 91 36 82 27 98 19 93 93 42 84 25 29 79 31 95 80 6 31 65 7 49 96 88 73 48 59 56 93 5 30 3 72 51 18 40 61 94 36 42 29 
76 55 14 10 4 50 5 79 27 1 59 50 11 11 49 60 98 6 56 45 5 34 4 25 68 40 69 50 86 77 53 14 57 46 93 69 38 63 92 83 68 72 26 53 44 74 92 33 16 24 5 68 47 39 15 82 43 64 68 45 57 2 13 91 38 71 21 11 28 35 35 85 10 87 54 76 11 50 45 75 28 46 20 64 77 57 
42 91 3 82 78 26 86 49 59 20 64 7 62 59 16 60 56 22 50 88 62 94 16 3 9 72 99 87 3 15 59 67 28 56 78 25 6 37 22 36 51 1 0 66 51 80 77 54 74 93 42 87 48 58 11 26 9 51 51 17 11 12 7 96 6 84 78 23 70 72 48 58 88 77 62 75 80 39 73 75 18 20 89 69 97 50 73 
28 37 91 83 13 49 80 43 49 9 81 48 5 79 74 10 95 85 53 55 50 89 63 4 93 57 31 72 52 65 26 23 24 10 43 6 43 80 27 1 92 49 7 7 80 17 21 31 90 71 74 21 55 74 64 27 47 96 29 40 2 29 21 58 91 24 85 11 41 96 32 21 67 83 91 1 28 78 26 87 43 36 15 35 3 18 27 18 
75 66 83 56 98 22 14 51 71 11 28 36 4 40 30 16 56 42 83 91 85 85 15 42 32 40 97 87 37 32 27 98 79 57 70 98 15 54 76 45 62 18 62 63 25 76 47 41 53 32 13 64 70 52 11 23 34 65 62 93 29 73 91 17 30 15 96 67 68 66 28 87 54 96 6 4 12 8 29 90 59 97 26 90 96 47 50 11 36 
78 52 83 57 6 16 39 94 35 37 59 40 53 25 72 2 86 13 79 45 57 85 79 41 82 36 41 82 49 49 79 61 36 71 50 32 47 51 79 41 13 82 15 37 8 6 99 82 99 48 18 35 83 98 77 1 86 76 49 78 97 12 65 5 31 39 82 79 88 57 62 98 46 33 11 99 51 94 77 99 55 76 59 91 66 89 71 38 14 26 
24 32 83 27 87 86 84 41 82 6 86 22 59 72 67 4 56 82 77 42 40 10 20 79 87 99 74 39 82 78 99 49 72 9 54 56 47 63 19 36 64 29 2 93 22 3 87 12 51 0 59 24 66 61 64 26 83 76 24 17 40 37 37 54 33 15 27 71 62 90 48 92 70 54 89 42 75 3 24 13 13 88 88 86 72 32 91 52 76 92 34 
1 25 24 73 10 48 69 8 98 16 46 8 19 34 99 69 71 8 83 85 38 12 57 33 51 60 5 47 4 79 54 53 90 15 89 96 65 81 88 36 9 96 1 39 93 18 4 79 22 71 5 69 70 37 77 80 62 22 89 80 46 37 83 14 19 76 94 27 78 61 36 21 53 97 5 85 25 49 68 91 47 38 95 49 61 73 13 87 62 62 58 19 
30 37 25 99 96 44 80 71 49 54 19 9 20 60 27 63 48 15 87 98 73 47 10 35 28 6 7 12 59 13 50 27 48 23 50 41 62 66 40 77 18 9 28 38 80 95 7 65 84 77 71 82 84 46 16 49 12 43 97 61 53 27 68 31 67 23 74 46 76 27 66 74 40 20 45 28 36 80 40 45 85 4 90 65 93 59 55 76 68 71 44 13 70 
94 2 20 99 93 23 83 81 53 0 40 56 55 98 25 34 6 48 17 17 41 57 20 10 61 59 3 93 63 42 29 43 8 55 38 7 89 29 74 69 37 66 11 56 88 32 98 19 67 1 67 20 2 14 37 71 11 43 32 69 18 54 77 82 21 49 59 52 96 66 53 5 68 19 52 18 3 12 67 35 23 91 47 33 43 92 77 12 18 52 72 43 15 64 
67 58 37 30 72 34 50 88 23 75 22 22 74 52 16 96 25 55 63 97 41 63 31 69 41 44 91 85 18 53 12 9 41 65 44 53 18 14 9 2 53 33 10 51 84 4 32 68 62 99 22 74 26 84 8 88 50 74 53 32 5 44 36 80 91 13 18 84 67 71 95 2 99 23 44 30 23 71 48 82 50 44 61 84 48 93 96 16 15 65 65 46 53 78 23 
60 46 65 94 57 95 38 4 70 36 74 55 84 48 85 31 92 15 98 15 82 90 88 45 0 83 50 52 68 68 50 46 95 95 59 25 67 59 94 8 2 73 76 53 62 82 62 84 59 28 4 71 16 20 9 82 8 54 59 84 45 63 45 10 90 21 72 29 37 71 85 61 75 36 35 36 71 92 20 69 22 83 40 24 43 38 39 47 60 1 8 79 79 2 31 9 
23 28 54 17 71 29 37 84 72 26 94 73 51 47 57 59 49 13 82 83 41 30 35 42 73 50 56 94 21 89 31 35 97 98 10 37 11 11 82 9 79 5 66 45 15 97 94 12 68 9 14 73 86 23 48 41 40 55 81 6 60 18 38 35 1 82 28 57 35 74 84 71 13 67 57 93 40 64 99 6 20 36 26 95 86 51 94 58 71 73 91 87 75 70 62 70 98 
3 7 69 13 82 87 63 56 31 36 94 36 28 31 23 19 56 19 39 43 72 25 21 58 23 24 74 12 42 31 4 29 95 9 18 28 92 36 96 62 65 95 33 18 58 38 44 12 71 88 93 84 42 98 78 19 67 74 39 57 15 82 54 17 95 42 9 19 54 34 58 2 13 10 17 68 3 22 94 25 39 47 51 58 71 53 10 1 4 12 63 77 83 26 93 80 86 1 
46 3 50 50 21 44 69 60 40 33 4 45 78 76 89 67 91 69 31 39 9 21 80 90 52 98 18 49 23 27 7 83 59 90 88 28 65 40 39 2 65 36 15 35 52 70 44 51 25 4 58 95 34 20 63 60 57 22 65 42 39 19 91 6 21 27 2 19 4 20 19 81 22 67 92 70 80 51 7 69 25 28 99 87 0 0 28 83 35 97 37 12 54 80 79 69 26 39 85 
57 14 71 0 91 9 63 77 82 91 61 12 78 3 5 44 98 31 98 95 99 93 80 17 32 36 32 76 76 20 10 95 23 69 56 83 17 26 36 28 63 88 67 29 21 98 81 28 20 89 55 41 40 48 76 55 53 41 60 14 95 1 69 19 31 84 42 53 90 17 52 35 65 5 1 97 46 79 1 9 62 82 70 78 91 52 87 43 69 99 38 18 8 64 56 55 17 86 76 71 
