25
1000 1000 1000 1000 1000 1000 1000 1000 1000 1000 1000 1000 1000 1000 1000 1000 1000 1000 1000 1000 1000 1000 1000 1000 1000 
15
719 720 944 142 17 321 358 14 569 267 904 561 30 844 17 272 46 345 416 39 680 72 583 75 666 
26 738 266 83 869 923 304 826 625 741 119 665 762 869 443 255 63 438 595 874 73 141 165 236 449 
148 848 307 440 317 32 17 468 979 856 986 299 752 939 781 892 743 0 337 664 806 243 745 72 12 
695 936 497 139 972 869 490 263 309 31 421 221 171 130 234 999 891 889 618 856 451 228 687 630 943 
322 651 299 377 198 80 725 907 805 7 13 576 514 394 509 565 596 642 925 468 50 833 232 981 274 
377 347 216 25 129 963 17 69 613 189 493 498 827 941 376 227 862 785 747 750 601 529 719 260 177 
8 688 8 357 464 231 374 379 813 555 22 805 365 731 573 485 542 938 223 980 389 804 570 535 85 
872 500 711 971 578 962 517 793 557 532 360 152 378 478 491 314 670 176 832 45 43 677 637 177 68 
332 540 308 786 402 592 216 93 812 495 600 580 101 209 873 431 924 953 829 832 155 144 2 665 815 
251 457 486 728 676 406 749 265 561 734 994 348 152 104 825 626 872 35 808 547 194 892 422 654 325 
716 104 723 67 120 786 159 2 293 851 876 712 953 61 275 205 481 416 567 827 526 699 919 664 4 
894 525 89 471 956 2 358 430 223 853 691 594 334 229 459 137 226 489 336 176 574 394 345 520 704 
744 184 938 597 593 377 789 811 878 639 33 932 265 917 226 582 814 304 751 396 575 995 10 340 237 
796 673 996 624 465 21 314 759 56 698 725 633 742 882 1 777 487 775 927 357 139 412 733 103 459 
349 997 942 465 844 552 235 699 340 253 109 30 321 535 941 413 37 144 856 299 684 146 448 186 913 
